4.817058509354205e-10
4.81515881523875e-10
4.813257178729007e-10
4.811353596731309e-10
4.809448066145039e-10
4.807540583862626e-10
4.805631146769504e-10
4.803719751744104e-10
4.801806395657829e-10
4.799891075375034e-10
4.797973787752999e-10
4.796054529641914e-10
4.794133297884858e-10
4.792210089317769e-10
4.790284900769431e-10
4.78835772906145e-10
4.786428571008224e-10
4.784497423416934e-10
4.782564283087519e-10
4.780629146812642e-10
4.778692011377681e-10
4.776752873560703e-10
4.774811730132433e-10
4.772868577856252e-10
4.770923413488147e-10
4.768976233776714e-10
4.767027035463113e-10
4.765075815281067e-10
4.763122569956819e-10
4.76116729620912e-10
4.759209990749207e-10
4.757250650280767e-10
4.755289271499934e-10
4.753325851095247e-10
4.751360385747634e-10
4.749392872130389e-10
4.74742330690915e-10
4.745451686741867e-10
4.743478008278784e-10
4.741502268162418e-10
4.739524463027527e-10
4.737544589501094e-10
4.735562644202295e-10
4.733578623742473e-10
4.73159252472513e-10
4.729604343745881e-10
4.727614077392444e-10
4.725621722244605e-10
4.723627274874204e-10
4.721630731845097e-10
4.719632089713142e-10
4.717631345026171e-10
4.715628494323956e-10
4.713623534138198e-10
4.711616460992489e-10
4.709607271402291e-10
4.707595961874914e-10
4.70558252890948e-10
4.703566968996912e-10
4.701549278619887e-10
4.699529454252833e-10
4.697507492361886e-10
4.695483389404868e-10
4.693457141831266e-10
4.691428746082192e-10
4.689398198590374e-10
4.687365495780113e-10
4.685330634067266e-10
4.683293609859216e-10
4.681254419554838e-10
4.679213059544487e-10
4.677169526209951e-10
4.675123815924444e-10
4.673075925052561e-10
4.671025849950259e-10
4.668973586964822e-10
4.666919132434846e-10
4.664862482690197e-10
4.66280363405199e-10
4.660742582832557e-10
4.658679325335422e-10
4.656613857855269e-10
4.654546176677913e-10
4.6524762780802753e-10
4.650404158330349e-10
4.648329813687175e-10
4.646253240400805e-10
4.64417443471228e-10
4.6420933928536e-10
4.640010111047685e-10
4.63792458550836e-10
4.6358368124403076e-10
4.633746788039056e-10
4.631654508490933e-10
4.629559969973047e-10
4.627463168653249e-10
4.6253641006901025e-10
4.623262762232862e-10
4.621159149421429e-10
4.6190532583863274e-10
4.616945085248674e-10
4.614834626120145e-10
4.612721877102939e-10
4.6106068342897563e-10
4.6084894937637607e-10
4.606369851598546e-10
4.604247903858108e-10
4.6021236465968083e-10
4.5999970758593476e-10
4.597868187680725e-10
4.5957369780862163e-10
4.5936034430913285e-10
4.591467578701778e-10
4.589329380913449e-10
4.5871888457123676e-10
4.585045969074663e-10
4.582900746966536e-10
4.580753175344223e-10
4.578603250153969e-10
4.5764509673319845e-10
4.574296322804418e-10
4.572139312487318e-10
4.569979932286598e-10
4.5678181780980093e-10
4.5656540458070955e-10
4.5634875312891633e-10
4.5613186304092487e-10
4.55914733902208e-10
4.5569736529720386e-10
4.5547975680931294e-10
4.5526190802089425e-10
4.5504381851326167e-10
4.548254878666805e-10
4.5460691566036357e-10
4.543881014724678e-10
4.5416904488009053e-10
4.53949745459266e-10
4.537302027849609e-10
4.535104164310721e-10
4.53290385970421e-10
4.530701109747517e-10
4.528495910147261e-10
4.5262882565992005e-10
4.5240781447882025e-10
4.5218655703882e-10
4.519650529062154e-10
4.5174330164620135e-10
4.5152130282286816e-10
4.5129905599919723e-10
4.510765607370572e-10
4.5085381659720003e-10
4.506308231392573e-10
4.5040757992173607e-10
4.501840865020146e-10
4.499603424363389e-10
4.497363472798183e-10
4.495121005864218e-10
4.492876019089733e-10
4.4906285079914847e-10
4.4883784680746986e-10
4.486125894833031e-10
4.4838707837485294e-10
4.4816131302915864e-10
4.479352929920904e-10
4.477090178083443e-10
4.4748248702143895e-10
4.472557001737111e-10
4.470286568063105e-10
4.4680135645919684e-10
4.4657379867113477e-10
4.4634598297968954e-10
4.4611790892122326e-10
4.458895760308895e-10
4.4566098384262986e-10
4.454321318891691e-10
4.4520301970201096e-10
4.449736468114333e-10
4.447440127464842e-10
4.445141170349768e-10
4.442839592034855e-10
4.4405353877734075e-10
4.4382285528062487e-10
4.4359190823616767e-10
4.433606971655413e-10
4.431292215890555e-10
4.428974810257542e-10
4.426654749934093e-10
4.4243320300851677e-10
4.422006645862919e-10
4.419678592406645e-10
4.4173478648427397e-10
4.415014458284644e-10
4.412678367832803e-10
4.410339588574614e-10
4.4079981155843743e-10
4.40565394392324e-10
4.403307068639171e-10
4.4009574847668853e-10
4.398605187327802e-10
4.3962501713300007e-10
4.393892431768169e-10
4.3915319636235457e-10
4.38916876186388e-10
4.3868028214433694e-10
4.3844341373026204e-10
4.382062704368586e-10
4.379688517554523e-10
4.37731157175993e-10
4.3749318618705105e-10
4.372549382758102e-10
4.3701641292806343e-10
4.367776096282077e-10
4.3653852785923837e-10
4.3629916710274315e-10
4.3605952683889803e-10
4.358196065464608e-10
4.355794057027662e-10
4.353389237837201e-10
4.3509816026379405e-10
4.3485711461601987e-10
4.3461578631198397e-10
4.343741748218221e-10
4.3413227961421294e-10
4.3389010015637334e-10
4.3364763591405206e-10
4.3340488635152417e-10
4.331618509315855e-10
4.329185291155467e-10
4.326749203632274e-10
4.3243102413295046e-10
4.321868398815362e-10
4.3194236706429606e-10
4.3169760513502746e-10
4.314525535460072e-10
4.312072117479852e-10
4.3096157919017967e-10
4.307156553202695e-10
4.3046943958438977e-10
4.302229314271242e-10
4.299761302914997e-10
4.297290356189803e-10
4.2948164684946055e-10
4.2923396342125963e-10
4.289859847711146e-10
4.287377103341743e-10
4.284891395439932e-10
4.2824027183252463e-10
4.279911066301149e-10
4.2774164336549587e-10
4.2749188146577944e-10
4.2724182035645064e-10
4.2699145946136096e-10
4.267407982027216e-10
4.264898360010974e-10
4.262385722753993e-10
4.2598700644287864e-10
4.257351379191192e-10
4.25482966118032e-10
4.2523049045184674e-10
4.249777103311057e-10
4.2472462516465747e-10
4.24471234359649e-10
4.242175373215185e-10
4.239635334539901e-10
4.2370922215906446e-10
4.234546028370129e-10
4.231996748863711e-10
4.2294443770392965e-10
4.2268889068472877e-10
4.224330332220507e-10
4.221768647074112e-10
4.2192038453055374e-10
4.216635920794411e-10
4.214064867402484e-10
4.211490678973555e-10
4.208913349333392e-10
4.2063328722896614e-10
4.2037492416318484e-10
4.201162451131182e-10
4.19857249454056e-10
4.195979365594462e-10
4.193383058008891e-10
4.1907835654812686e-10
4.1881808816903807e-10
4.185575000296283e-10
4.1829659149402286e-10
4.1803536192445833e-10
4.177738106812749e-10
4.175119371229078e-10
4.172497406058794e-10
4.169872204847915e-10
4.167243761123158e-10
4.1646120683918674e-10
4.1619771201419286e-10
4.1593389098416816e-10
4.156697430939836e-10
4.154052676865388e-10
4.151404641027538e-10
4.1487533168155985e-10
4.146098697598908e-10
4.1434407767267463e-10
4.1407795475282506e-10
4.1381150033123176e-10
4.135447137367524e-10
4.132775942962028e-10
4.130101413343494e-10
4.127423541738984e-10
4.124742321354882e-10
4.1220577453767905e-10
4.119369806969454e-10
4.116678499276645e-10
4.1139838154210927e-10
4.111285748504373e-10
4.108584291606824e-10
4.1058794377874457e-10
4.10317118008381e-10
4.100459511511954e-10
4.097744425066298e-10
4.0950259137195374e-10
4.092303970422548e-10
4.0895785881042885e-10
4.0868497596717035e-10
4.084117478009613e-10
4.0813817359806306e-10
4.0786425264250445e-10
4.0758998421607274e-10
4.0731536759830275e-10
4.0704040206646725e-10
4.067650868955659e-10
4.0648942135831516e-10
4.06213404725138e-10
4.0593703626415317e-10
4.056603152411643e-10
4.0538324091964964e-10
4.051058125607512e-10
4.048280294232639e-10
4.0454989076362423e-10
4.042713958359006e-10
4.0399254389178047e-10
4.03713334180561e-10
4.0343376594913655e-10
4.0315383844198814e-10
4.0287355090117215e-10
4.0259290256630846e-10
4.0231189267456926e-10
4.020305204606679e-10
4.017487851568463e-10
4.0146668599286414e-10
4.0118422219598703e-10
4.0090139299097417e-10
4.0061819760006646e-10
4.0033463524297497e-10
4.000507051368687e-10
3.997664064963621e-10
3.9948173853350307e-10
3.99196700457761e-10
3.98911291476013e-10
3.9862551079253354e-10
3.983393576089797e-10
3.9805283112438043e-10
3.9776593053512214e-10
3.97478655034937e-10
3.971910038148898e-10
3.969029760633643e-10
3.96614570966051e-10
3.9632578770593356e-10
3.9603662546327565e-10
3.957470834156072e-10
3.954571607377113e-10
3.951668566016112e-10
3.94876170176555e-10
3.9458510062900424e-10
3.942936471226178e-10
3.940018088182397e-10
3.9370958487388395e-10
3.9341697444472124e-10
3.9312397668306404e-10
3.92830590738353e-10
3.9253681575714194e-10
3.9224265088308355e-10
3.919480952569148e-10
3.9165314801644256e-10
3.9135780829652787e-10
3.9106207522907194e-10
3.9076594794300095e-10
3.9046942556425037e-10
3.901725072157503e-10
3.8987519201740984e-10
3.895774790861018e-10
3.8927936753564724e-10
3.88980856476799e-10
3.8868194501722715e-10
3.8838263226150206e-10
3.8808291731107897e-10
3.8778279926428136e-10
3.8748227721628563e-10
3.871813502591034e-10
3.868800174815661e-10
3.8657827796930795e-10
3.862761308047492e-10
3.859735750670794e-10
3.8567060983224053e-10
3.853672341729097e-10
3.8506344715848175e-10
3.8475924785505237e-10
3.844546353254007e-10
3.84149608628971e-10
3.838441668218554e-10
3.835383089567763e-10
3.832320340830679e-10
3.829253412466579e-10
3.8261822949005043e-10
3.823106978523059e-10
3.820027453690239e-10
3.816943710723238e-10
3.8138557399082605e-10
3.8107635314963335e-10
3.8076670757031184e-10
3.804566362708705e-10
3.8014613826574413e-10
3.79835212565771e-10
3.795238581781759e-10
3.792120741065478e-10
3.7889985935082204e-10
3.7858721290725837e-10
3.782741337684222e-10
3.7796062092316285e-10
3.776466733565937e-10
3.773322900500713e-10
3.7701746998117446e-10
3.7670221212368264e-10
3.763865154475555e-10
3.760703789189105e-10
3.7575380150000275e-10
3.754367821492017e-10
3.7511931982097006e-10
3.7480141346584154e-10
3.7448306203039853e-10
3.7416426445724974e-10
3.7384501968500725e-10
3.73525326648264e-10
3.73205184277571e-10
3.7288459149941337e-10
3.725635472361883e-10
3.7224205040617947e-10
3.7192009992353566e-10
3.7159769469824504e-10
3.712748336361119e-10
3.709515156387319e-10
3.7062773960346797e-10
3.7030350442342544e-10
3.69978808987427e-10
3.6965365217998755e-10
3.6932803288128904e-10
3.6900194996715485e-10
3.6867540230902427e-10
3.683483887739261e-10
3.680209082244531e-10
3.6769295951873484e-10
3.673645415104117e-10
3.6703565304860766e-10
3.6670629297790375e-10
3.663764601383105e-10
3.660461533652403e-10
3.6571537148947937e-10
3.6538411333716107e-10
3.6505237772973607e-10
3.647201634839452e-10
3.6438746941178987e-10
3.6405429432050406e-10
3.637206370125241e-10
3.6338649628546036e-10
3.630518709320664e-10
3.6271675974021034e-10
3.6238116149284345e-10
3.6204507496797083e-10
3.617084989386196e-10
3.6137143217280916e-10
3.610338734335189e-10
3.6069582147865715e-10
3.603572750610297e-10
3.60018232928307e-10
3.5967869382299253e-10
3.5933865648239e-10
3.589981196385701e-10
3.586570820183379e-10
3.583155423431988e-10
3.5797349932932525e-10
3.576309516875222e-10
3.572878981231929e-10
3.5694433733630483e-10
3.5660026802135353e-10
3.562556888673281e-10
3.5591059855767567e-10
3.555649957702645e-10
3.552188791773494e-10
3.54872247445533e-10
3.545250992357308e-10
3.5417743320313283e-10
3.538292479971661e-10
3.5348054226145687e-10
3.531313146337924e-10
3.527815637460823e-10
3.5243128822431935e-10
3.520804866885403e-10
3.5172915775278604e-10
3.513773000250619e-10
3.510249121072963e-10
3.506719925953011e-10
3.5031854007872934e-10
3.4996455314103443e-10
3.4961003035942753e-10
3.492549703048355e-10
3.488993715418585e-10
3.485432326287255e-10
3.481865521172524e-10
3.4782932855279664e-10
3.474715604742138e-10
3.471132464138116e-10
3.467543848973061e-10
3.463949744437745e-10
3.4603501356560993e-10
3.456745007684745e-10
3.453134345512525e-10
3.449518134060026e-10
3.445896358179102e-10
3.4422690026523857e-10
3.4386360521928033e-10
3.4349974914430805e-10
3.431353304975242e-10
3.427703477290111e-10
3.4240479928167946e-10
3.4203868359121776e-10
3.4167199908604006e-10
3.4130474418723347e-10
3.4093691730850555e-10
3.4056851685613063e-10
3.4019954122889637e-10
3.3982998881804835e-10
3.394598580072361e-10
3.390891471724565e-10
3.387178546819983e-10
3.3834597889638525e-10
3.3797351816831874e-10
3.376004708426195e-10
3.372268352561699e-10
3.368526097378546e-10
3.3647779260850045e-10
3.361023821808166e-10
3.3572637675933346e-10
3.3534977464034116e-10
3.349725741118274e-10
3.3459477345341447e-10
3.34216370936296e-10
3.338373648231726e-10
3.3345775336818734e-10
3.330775348168596e-10
3.326967074060195e-10
3.3231526936374086e-10
3.319332189092733e-10
3.315505542529744e-10
3.311672735962402e-10
3.3078337513143555e-10
3.303988570418237e-10
3.300137175014951e-10
3.296279546752948e-10
3.292415667187502e-10
3.288545517779972e-10
3.2846690798970553e-10
3.280786334810042e-10
3.2768972636940453e-10
3.2730018476272396e-10
3.269100067590083e-10
3.265191904464523e-10
3.261277339033215e-10
3.257356351978708e-10
3.253428923882638e-10
3.2494950352249047e-10
3.245554666382843e-10
3.2416077976303804e-10
3.2376544091371897e-10
3.233694480967831e-10
3.229727993080881e-10
3.225754925328057e-10
3.2217752574533275e-10
3.217788969092016e-10
3.213796039769888e-10
3.2097964489022365e-10
3.2057901757929525e-10
3.201777199633581e-10
3.1977574995023733e-10
3.193731054363327e-10
3.189697843065207e-10
3.185657844340565e-10
3.181611036804745e-10
3.177557398954871e-10
3.173496909168833e-10
3.1694295457042507e-10
3.1653552866974346e-10
3.161274110162327e-10
3.157185993989434e-10
3.1530909159447474e-10
3.1489888536686454e-10
3.144879784674791e-10
3.1407636863490076e-10
3.1366405359481473e-10
3.1325103105989414e-10
3.128372987296845e-10
3.124228542904852e-10
3.1200769541523103e-10
3.1159181976337227e-10
3.111752249807517e-10
3.1075790869948195e-10
3.1033986853782036e-10
3.099211021000426e-10
3.095016069763142e-10
3.090813807425618e-10
3.08660420960341e-10
3.0823872517670384e-10
3.078162909240645e-10
3.0739311572006267e-10
3.069691970674257e-10
3.0654453245382893e-10
3.061191193517542e-10
3.0569295521834667e-10
3.052660374952695e-10
3.04838363608557e-10
3.0440993096846573e-10
3.03980736969324e-10
3.035507789893783e-10
3.0312005439063995e-10
3.026885605187272e-10
3.022562947027069e-10
3.018232542549339e-10
3.013894364708875e-10
3.0095483862900716e-10
3.005194579905247e-10
3.0008329179929447e-10
2.9964633728162283e-10
2.992085916460928e-10
2.987700520833884e-10
2.98330715766116e-10
2.9789057984862263e-10
2.974496414668132e-10
2.9700789773796387e-10
2.965653457605337e-10
2.9612198261397344e-10
2.9567780535853167e-10
2.9523281103505883e-10
2.9478699666480746e-10
2.943403592492311e-10
2.938928957697787e-10
2.934446031876883e-10
2.9299547844377553e-10
2.9254551845822073e-10
2.92094720130353e-10
2.916430803384306e-10
2.9119059593941803e-10
2.907372637687611e-10
2.9028308064015784e-10
2.898280433453264e-10
2.893721486537701e-10
2.8891539331253773e-10
2.8845777404598243e-10
2.879992875555156e-10
2.8753993051935726e-10
2.8707969959228403e-10
2.8661859140537166e-10
2.8615660256573546e-10
2.8569372965626566e-10
2.8522996923536016e-10
2.847653178366515e-10
2.8429977196873173e-10
2.838333281148721e-10
2.833659827327384e-10
2.828977322541029e-10
2.8242857308455135e-10
2.8195850160318564e-10
2.814875141623217e-10
2.8101560708718404e-10
2.805427766755936e-10
2.8006901919765287e-10
2.795943308954247e-10
2.79118707982607e-10
2.78642146644202e-10
2.781646430361811e-10
2.7768619328514267e-10
2.772067934879674e-10
2.7672643971146513e-10
2.7624512799201903e-10
2.757628543352216e-10
2.7527961471550673e-10
2.747954050757752e-10
2.7431022132701417e-10
2.738240593479108e-10
2.733369149844594e-10
2.728487840495625e-10
2.723596623226256e-10
2.7186954554914474e-10
2.713784294402882e-10
2.708863096724705e-10
2.7039318188691983e-10
2.6989904168923897e-10
2.694038846489574e-10
2.6890770629907745e-10
2.684105021356127e-10
2.679122676171173e-10
2.6741299816420956e-10
2.669126891590856e-10
2.664113359450259e-10
2.6590893382589304e-10
2.654054780656211e-10
2.649009638876962e-10
2.643953864746281e-10
2.638887409674129e-10
2.6338102246498584e-10
2.6287222602366623e-10
2.623623466565902e-10
2.618513793331357e-10
2.6133931897833673e-10
2.608261604722865e-10
2.603118986495313e-10
2.597965282984527e-10
2.592800441606389e-10
2.5876244093024526e-10
2.5824371325334277e-10
2.577238557272553e-10
2.572028628998843e-10
2.566807292690217e-10
2.561574492816501e-10
2.5563301733322987e-10
2.5510742776697366e-10
2.545806748731073e-10
2.5405275288811643e-10
2.535236559939802e-10
2.5299337831738966e-10
2.5246191392895194e-10
2.519292568423793e-10
2.513954010136631e-10
2.508603403402316e-10
2.503240686600919e-10
2.4978657975095565e-10
2.4924786732934773e-10
2.487079250496975e-10
2.4816674650341287e-10
2.4762432521793583e-10
2.470806546557803e-10
2.4653572821354973e-10
2.4598953922093655e-10
2.4544208093970157e-10
2.448933465626321e-10
2.4434332921248053e-10
2.437920219408811e-10
2.432394177272439e-10
2.426855094776285e-10
2.421302900235924e-10
2.415737521210176e-10
2.4101588844891197e-10
2.4045669160818713e-10
2.3989615412040974e-10
2.393342684265272e-10
2.3877102688556737e-10
2.382064217733104e-10
2.3764044528093213e-10
2.3707308951362e-10
2.365043464891581e-10
2.3593420813648287e-10
2.3536266629420754e-10
2.3478971270911476e-10
2.342153390346163e-10
2.3363953682917916e-10
2.330622975547182e-10
2.3248361257495176e-10
2.3190347315372255e-10
2.3132187045328005e-10
2.307387955325252e-10
2.3015423934521584e-10
2.2956819273813155e-10
2.2898064644919634e-10
2.2839159110555998e-10
2.2780101722163414e-10
2.2720891519708437e-10
2.266152753147748e-10
2.2602008773866633e-10
2.2542334251166468e-10
2.248250295534189e-10
2.2422513865806716e-10
2.2362365949193e-10
2.2302058159114828e-10
2.2241589435926454e-10
2.2180958706474648e-10
2.212016488384506e-10
2.2059206867102364e-10
2.199808354102417e-10
2.1936793775828275e-10
2.1875336426893314e-10
2.1813710334472317e-10
2.1751914323399328e-10
2.1689947202788472e-10
2.1627807765725546e-10
2.1565494788951782e-10
2.15030070325395e-10
2.1440343239559504e-10
2.1377502135739894e-10
2.1314482429115968e-10
2.1251282809671145e-10
2.1187901948968307e-10
2.1124338499771574e-10
2.1060591095657957e-10
2.0996658350618707e-10
2.0932538858649945e-10
2.0868231193332297e-10
2.0803733907399072e-10
2.0739045532292726e-10
2.0674164577709076e-10
2.0609089531129013e-10
2.0543818857337144e-10
2.0478350997927048e-10
2.0412684370792556e-10
2.0346817369604707e-10
2.0280748363273824e-10
2.021447569539614e-10
2.0147997683684523e-10
2.0081312619382727e-10
2.001441876666252e-10
1.9947314362003121e-10
1.9879997613552358e-10
1.981246670046877e-10
1.9744719772244107e-10
1.967675494800537e-10
1.9608570315795722e-10
1.95401639318335e-10
1.9471533819748413e-10
1.9402677969794185e-10
1.933359433803671e-10
1.9264280845516695e-10
1.9194735377386028e-10
1.9124955782016559e-10
1.9054939870080582e-10
1.898468541360155e-10
1.8914190144974093e-10
1.8843451755952056e-10
1.8772467896603208e-10
1.8701236174229435e-10
1.8629754152250824e-10
1.855801934905231e-10
1.8486029236791332e-10
1.8413781240164758e-10
1.834127273513358e-10
1.8268501047603416e-10
1.8195463452059018e-10
1.8122157170150885e-10
1.804857936923185e-10
1.7974727160841402e-10
1.7900597599135675e-10
1.7826187679260437e-10
1.7751494335664808e-10
1.7676514440352868e-10
1.7601244801070443e-10
1.7525682159424042e-10
1.7449823188929033e-10
1.7373664492983457e-10
1.7297202602764354e-10
1.722043397504274e-10
1.7143354989913423e-10
1.706596194843567e-10
1.6988251070180314e-10
1.6910218490678807e-10
1.683186025876944e-10
1.6753172333835526e-10
1.6674150582930307e-10
1.6594790777782724e-10
1.6515088591678095e-10
1.643503959620721e-10
1.6354639257877127e-10
1.6273882934576278e-10
1.6192765871886365e-10
1.6111283199232752e-10
1.6029429925864746e-10
1.5947200936656476e-10
1.5864590987718533e-10
1.5781594701809936e-10
1.5698206563539138e-10
1.5614420914342302e-10
1.5530231947225964e-10
1.5445633701260574e-10
1.5360620055810417e-10
1.5275184724484257e-10
1.5189321248790214e-10
1.5103022991476952e-10
1.5016283129542137e-10
1.4929094646887683e-10
1.48414503265998e-10
1.4753342742830223e-10
1.4664764252253214e-10
1.4575706985071114e-10
1.4486162835538844e-10
1.4396123451975872e-10
1.4305580226231232e-10
1.4214524282564837e-10
1.4122946465905025e-10
1.403083732943931e-10
1.393818712149146e-10
1.3844985771634344e-10
1.375122287598354e-10
1.3656887681612038e-10
1.3561969070021096e-10
1.3466455539596728e-10
1.3370335186974804e-10
1.327359568723082e-10
1.3176224272802788e-10
1.3078207711046875e-10
1.2979532280316266e-10
1.2880183744442804e-10
1.278014732548958e-10
1.2679407674629316e-10
1.2577948840988929e-10
1.2475754238284285e-10
1.2372806609050967e-10
1.2269087986256276e-10
1.2164579652054858e-10
1.2059262093424175e-10
1.1953114954387137e-10
1.1846116984495891e-10
1.173824598321361e-10
1.1629478739788514e-10
1.15197909681663e-10
1.1409157236431929e-10
1.1297550890209187e-10
1.118494396937426e-10
1.1071307117357095e-10
1.0956609482209359e-10
1.0840818608507932e-10
1.0723900319036137e-10
1.0605818585037452e-10
1.0486535383665048e-10
1.0366010541050133e-10
1.0244201559177431e-10
1.0121063424480438e-10
9.996548395743121e-11
9.870605768509816e-11
9.74318161274629e-11
9.614218479947978e-11
9.483655075235365e-11
9.351425889186365e-11
9.21746078319946e-11
9.081684521018752e-11
8.944016237630438e-11
8.804368834992838e-11
8.662648291901202e-11
8.518752872599621e-11
8.372572215384612e-11
8.22398627819727e-11
8.072864112802843e-11
7.91906243224277e-11
7.762423927312369e-11
7.602775276173893e-11
7.439924775886463e-11
7.273659504241471e-11
7.103741892850857e-11
